4.747816038131713867e+01
2.009508609771728516e+00
2.835679054260253906e-01
2.907116413116455078e-01
3.318905830383300781e-01
4.067306518554687500e-01
4.478158950805664062e-01
4.640417098999023438e-01
4.985218048095703125e-01
5.373387336730957031e-01
6.236956119537353516e-01
7.680759429931640625e-01
9.210569858551025391e-01
1.311325073242187500e+00
2.068678379058837891e+00
3.231610536575317383e+00
5.501135826110839844e+00
9.766324520111083984e+00
1.728487682342529297e+01
3.414136409759521484e+01
7.072498297691345215e+01
