4.570866060256958008e+01
1.333165168762207031e-01
1.482436656951904297e-01
1.527078151702880859e-01
1.894795894622802734e-01
6.231393814086914062e-01
2.834057807922363281e-01
3.531577587127685547e-01
4.192287921905517578e-01
5.076308250427246094e-01
5.998625755310058594e-01
8.010501861572265625e-01
1.072153329849243164e+00
1.413410663604736328e+00
1.883494138717651367e+00
2.670338630676269531e+00
3.687747955322265625e+00
5.214113950729370117e+00
7.330556154251098633e+00
1.020005989074707031e+01
1.552877688407897949e+01
