4.599842667579650879e+01
7.442235946655273438e-02
7.818579673767089844e-02
8.537483215332031250e-02
9.639859199523925781e-02
1.112315654754638672e-01
1.188879013061523438e-01
1.529657840728759766e-01
1.730880737304687500e-01
2.230780124664306641e-01
2.974436283111572266e-01
4.418914318084716797e-01
6.428616046905517578e-01
9.500672817230224609e-01
1.336094141006469727e+00
1.933455228805541992e+00
2.815964937210083008e+00
4.216305971145629883e+00
6.401680469512939453e+00
1.152007293701171875e+01
1.429755735397338867e+01
