8.294039126485586166e-02
9.307351242750883102e-02
1.133283749222755432e-01
1.421473482623696327e-01
1.919678617268800735e-01
2.573478445410728455e-01
3.574142372235655785e-01
4.976397966966032982e-01
7.077444987371563911e-01
1.007194522768259048e+00
1.594811908900737762e+00
2.248776125721633434e+00
3.389029727317392826e+00
5.184177637100219727e+00
8.375174454413354397e+00
1.394918455742299557e+01
2.426173586584627628e+01
4.189928070548921824e+01
7.522048447374254465e+01
1.382294036392122507e+02
2.606830716449767351e+02
