1.366159776225686073e-01
9.529375284910202026e-02
1.016669850796461105e-01
1.307488251477479935e-01
1.614461028948426247e-01
1.968446010723710060e-01
2.581894928589463234e-01
3.408884117379784584e-01
4.469598904252052307e-01
6.311745187267661095e-01
1.026855976320803165e+00
1.141382445581257343e+00
1.654351621866226196e+00
2.389319328591227531e+00
3.485585832968354225e+00
5.332540974952280521e+00
8.303678045049309731e+00
1.359169651661068201e+01
2.183154008630663157e+01
3.555961065739393234e+01
6.294537638034671545e+01
