8.104058727622032166e-02
9.384589269757270813e-02
1.009271033108234406e-01
1.258511161431670189e-01
1.596385324373841286e-01
1.906027309596538544e-01
2.569425152614712715e-01
3.225129777565598488e-01
4.222539104521274567e-01
5.514455456286668777e-01
7.210919661447405815e-01
9.586327048018574715e-01
1.270537327043712139e+00
1.687259672209620476e+00
2.329370392486453056e+00
3.014283912256360054e+00
4.240948865190148354e+00
5.783270352520048618e+00
7.897621658630669117e+00
1.094506958220154047e+01
1.584263676218688488e+01
