4.639277744293212891e+01
7.917857170104980469e-02
2.335910797119140625e-01
7.555913925170898438e-02
8.398342132568359375e-02
8.876848220825195312e-02
9.485936164855957031e-02
1.353406906127929688e-01
1.389241218566894531e-01
1.892676353454589844e-01
2.057044506072998047e-01
2.662880420684814453e-01
6.909790039062500000e-01
9.835977554321289062e-01
1.251802682876586914e+00
1.849805116653442383e+00
2.853595972061157227e+00
3.751661539077758789e+00
5.437864303588867188e+00
8.932690382003784180e+00
1.445871686935424805e+01
