5.019952297210693359e+01
1.217753887176513672e-01
1.210670471191406250e-01
1.014227867126464844e-01
1.030390262603759766e-01
1.076629161834716797e-01
1.151337623596191406e-01
1.275603771209716797e-01
1.486485004425048828e-01
1.822068691253662109e-01
2.153587341308593750e-01
2.835185527801513672e-01
2.582408189773559570e+00
1.320223331451416016e+00
2.081752777099609375e+00
2.567535877227783203e+00
4.144469261169433594e+00
6.826839923858642578e+00
1.119139122962951660e+01
1.773907613754272461e+01
2.950619697570800781e+01
