1.390052959322929382e-01
9.575212374329566956e-02
1.081199543550610542e-01
1.318154009059071541e-01
1.655740793794393539e-01
2.322872877120971680e-01
3.049551798030734062e-01
3.856504196301102638e-01
5.381733998656272888e-01
7.956821229308843613e-01
1.180624344386160374e+00
1.551731889136135578e+00
2.262871542014181614e+00
3.450306454673409462e+00
5.295218979008495808e+00
8.281450853683054447e+00
1.415557468123733997e+01
2.341850528120994568e+01
3.957920069433748722e+01
6.884953104238957167e+01
1.228283885661512613e+02
