9.121499489992856979e-02
1.207655742764472961e-01
1.525946585461497307e-01
2.122966228052973747e-01
2.435943521559238434e-01
3.335285652428865433e-01
4.273520400747656822e-01
5.802960069850087166e-01
8.002007706090807915e-01
1.049013855867087841e+00
1.430258243344724178e+00
1.973245542496442795e+00
2.685869998298585415e+00
3.790166236460208893e+00
5.098608568310737610e+00
7.126991099677979946e+00
1.034747946262359619e+01
1.464728570636361837e+01
2.089979951269924641e+01
3.115141252614557743e+01
4.659768113959580660e+01
